461
389
287
174
433
265
162
237
290
258
299
362
416
103
64
418
356
209
199
118
24
65
489
284
27
477
456
236
46
17
313
170
139
497
5
56
466
206
334
128
164
270
401
152
81
52
390
448
464
69
115
471
472
395
446
122
192
101
44
486
432
410
498
291
166
300
59
480
210
86
499
460
110
403
154
407
248
249
307
80
333
10
345
339
221
309
443
387
114
293
318
393
308
444
295
340
404
429
109
268
55
276
259
28
392
231
476
367
144
158
239
97
344
116
32
301
102
375
409
391
292
473
34
30
369
